525011903
528642047
537256313
519832676
596020931
569095789
545608578
561467633
528706755
530055374
531520637
530097064
488418919
616647103
601958555
567776248
542143598
531520401
527942865
596049209
529807751
539563223
489308885
508280385
601927090
517673596
595999306
528042185
488386626
528638057
571427524
601950719
508282493
529988200
576132767
571709783
587719226
562381326
528612139
571718621
531517518
613333217
508281653
508421103
569823971
571508482
561432315
530062215
527891102
539640410
541536216
519849529
614230805
488386431
528631988
528601797
488400701
508413678
614635228
643572206
529908238
531526662
508410761
643582610
530062268
537307503
508285405
548473051
561464809
525018757
571483807
569101823
571435969
548421866
539540199
531529716
539563673
528609885
529856350
545193484
508309649
528617195
587710671
571517139
528631714
561465305
508390405
526816192
571471295
541566142
587770251
526785799
614197612
528697733
528011097
508390609
527901472
548434716
528734156
528038990
548408551
520470950
527931217
567731428
643589588
637034000
545152345
611598198
561470292
569867780
541545716
545171030
576090160
528638602
545206633
569869510
576084692
571520182
576132827
613442532
542086000
571500474
548494556
614659629
637038252
531532489
528637071
548459652
517693603
542142697
567763632
520636424
508376177
539547437
548473245
541551362
539661667
527946361
531526539
539542218
528671590
569820026
530058283
561435883
525007375
571450845
613944404
542131227
587762000
530094213
548461580
541541635
539578371
569820130
542179094
528758496
539659702
587784061
529988599
545604343
505689242
528605746
541548139
576113488
571525618
562380252
526714785
528638213
571520445
508400454
571624532
528016025
527944264
611610514
529979375
596052605
520470657
508372969
528617665
508400049
508378649
508427757
571485304
528019077
595568262
545192313
488707479
508417989
527909293
571483584
526732858
539560727
531523709
545188312
537261100
528025071
529822280
613432942
528613096
571527806
527922515
542137330
613445682
520623958
531517778
571691416
528002420
571735073
508381644
526714733
571427581
508400236
613468354
526733569
508380891
569821470
526734407
613476789
500955009
561466001
529884137
541546139
527907460
611764247
613396614
571426284
517693519
595562635
561435279
517673954
571464200
528643271
571624971
576095991
530022494
571721440
643575207
558181151
529845713
571429412
527930921
558159992
545227537
587776508
505692551
567764060
537204107
571644618
541540569
508305938
525133308
571442534
643584386
529898751
537266147
596887423
528022041
508387918
571473428
531517732
527898222
489315717
614651270
508280017
508411248
530081951
569100745
569825715
531526842
562377597
596036453
545208779
611617700
545207901
527932447
527941296
571520908
488400343
537284228
571517193
576120017
539556162
528611949
526725807
526727406
571642127
548444436
520615638
539537094
525023625
528602977
528687520
542141883
548416317
488386504
528759382
539653924
613438337
569849591
528657972
489315599
508279351
519853636
567738879
528619307
539571778
520480180
541551240
569818704
508309244
508280093
537297470
508366192
571430815
508405843
528020422
527890048
531523518
529997668
571666289
541566300
541571148
508381568
520462275
526791834
520454345
611915585
529897150
545216846
616837506
526800653
596028822
529826240
571450870
548440226
539640827
519877177
611623402
542174958
592483575
520631294
569849486
528028846
537182609
508359535
537218493
527890930
571654895
576117916
592472734
488392806
571700636
614726150
567736655
548425467
537313158
508405972
569107566
528614014
539537652
539539309
548457754
488402499
541551399
576101141
569860147
528015670
531523484
528623840
541562659
541563728
643625553
529878215
520631985
562381210
561437013
595570553
558211203
576112128
529863215
569075240
611592806
529877874
508420652
567742660
520471727
571516327
486940963
488418027
567747448
529909601
571659461
539561039
529833429
539542640
541540615
529889679
537313600
569844159
528625591
545188095
505690787
528636794
576107598
517689107
611823070
508298270
545612828
527952884
488701127
561469082