525011903
565871768
469801138
528642047
605889373
537256313
485909730
323865917
583836069
504615116
558076716
476135066
502614426
519832676
581020172
481127932
480087928
522257166
327970859
591517805
566506157
479771670
513593674
583822407
596020931
569095789
585080288
545608578
561467633
572410577
470098860
528706755
473611755
580537822
479091820
530055374
475549334
501799874
524857207
531520637
530097064
592819166
490283519
488418919
524090036
314804042
555241040
561533860
488688374
581058351
588729065
488679042
599177740
579662784
583403073
480169202
484744672
502267531
616647103
473951795
530737765
601958555
488428837
502367941
497590510
523748610
584872371
555341581
488491756
562432852
567776248
486754703
542143598
482773968
486514107
491029832
531520401
527942865
517974394
464326210
583141894
484738748
507101551
592712536
472517038
596049209
529807751
539563223
515202564
560678143
574038330
322723785
476457450
477127614
489308885
589452470
486755781
479107488
508280385
439372920
569457730
601927090
560965993
562965437
490263211
517673596
595999306
509003464
605141937
582647492
528042185
566671538
488386626
587064346
589128331
573410831
579662957
572827931
570098593
558474375
574399717
575782162
528638057
490172112
571427524
490916919
486198953
397243949
583719952
601950719
475580568
475068599
477278032
554443833
471085676
585841870
471129934
524850271
475049291
508282493
547262673
565888394
567901050
487445455
486025194
529988200
584635215
508887004
478947222
522416880
488438177
485934207
487405644
515949222
576132767
517345160
524689239
571709783
478716304
577813827
478500297
582641339
490283114
502100978
587719226
482516631
585018101
574377603
480714960
562381326
491031969
517977609
585805211
369697038
479225294
528612139
322197295
476053392
569664731
596619013
486029942
555697303
580007431
484742372
464326158
586073850
585947309
571718621
559104842
320455763
482493761
570010469
595511209
531517518
478793814
482764620
566991946
613333217
569424261
322762730
562651165
508281653
471088062
586072464
486235288
527095729
500864898
488697964
590556126
513879001
508421103
594594470
478447600
485468180
561325425
515435668
569823971
502193385
314857059
479150681
571508482
479721491
561432315
490912243
585830272
565120091
530062215
592952680
527891102
476104386
562091859
584495731
560599530
604130772
539640410
584635140
590558808
541536216
503595332
559387643
466827702
519220630
519849529
501951290
487400838
614230805
479993900
488386431
571292875
475848827
490966322
504643398
528631988
528601797
484515166
510376592
580632959
585058163
488400701
584636981
475623964
585951863
508413678
480114344
614635228
564410651
587055109
487176969
486508983
488680211
569317896
484744867
476269122
505804754
475895240
475894121
329224678
643572206
464191630
513510227
568560561
529908238
531526662
563028422
479492633
513803975
329322109
591622050
591278744
527579814
555345752
589760138
486196663
508410761
573699058
501886192
571314481
609775336
501848265
558476932
564349611
643582610
560748672
325479788
486262299
485905411
509683388
563620254
580010290
441000782
502143149
530062268
488697163
537307503
594047832
557673526
508285405
582917630
509779247
548473051
486246801
561464809
490718897
536306115
572609348
490263438
570428636
583104750
563373346
585925172
466114829
478586425
586566174
481093525
518753555
604626428
525018757
565213849
583148615
485577686
323540736
329557305
519549081
583426723
571483807
583817628
606346614
480008325
560924300
589441038
564346637
569101823
329554392
488493019
481003643
571435969
584670484
322536988
326786924
566648315
548421866
478958894
509515969
588711875
584517193
505808144
485955037
571379507
325158873
609183903
486176465
539540199
581340781
324266146
328031983
485574721
501850666
579978640
487353993
569653118
531529716
561814552
486191673
476093220
539563673
482644550
528609885
565407476
528486009
491026389
529856350
562382445
566761793
323501938
580162060
587062699
500963059
596609577
473909767
545193484
566466395
318733871
522723828
323452196
503286448
508309649
502260112
482654108
513800575
573082177
569810649
569299459
570006759
509522358
593655447
528617195
501570114
485570372
587710671
596213704
510451636
476178907
475047891
490376252
524693113
584561230
500864322
571517139
575646054
518271679
530204927
575910132
481003593
528631714
569998790
623427407
486875162
561465305
476754635
508390405
526816192
569470171
578938153
571471295
541566142
566719275
490982660
325471170
583434059
482910438
592833901
558615201
592816620
593436526
489754156
476099282
609435731
587770251
524647261
482491330
489888847
583141979
581403121
515986607
535520969
555001065
505795846
466705337
313861539
526785799
571715883
565871856
580162374
593448793
560738452
480640846
614197612
528697733
528011097
556687527
476452460
559388218
482690728
468120757
569997187
313861828
508390609
527901472
469614747
488689403
321923492
485245025
548434716
370351753
572609025
606245618
480171188
504608602
587045566
561534047
528734156
476615310
501023852
528038990
328015342
464368713
480183339
548408551
480121089
520470950
584280397
569802200
579414994
527931217
567952169
473543792
323838579
591396115
593579697
469734859
504605677
567731428
322246422
485955982
524074295
591626585
553219924
598628992
643589588
637034000
566724483
505500191
487668030
501282204
479679997
599170940
349621141
545152345
504567071
611598198
396369826
569715141
586088125
464079491
396687610
561470292
500879695
547330489
320247631
569867780
573086094
557859470
541545716
545171030
576090160
528638602
547262585
589427435
386970660
569412397
321707833
481093098
588699048
545206633
580138266
488420599
569869510
578898150
329550137
485053941
397353539
576084692
606517484
554432769
569991910
515199779
571520182
576132827
613442532
481127348
504635521
520347870
575637715
513514828
601294900
518750800
542086000
397129612
501730497
571500474
580161872
479766169
548494556
503254105
515249852
605660220
564410881
487352877
577218818
485490864
485887209
322197160
560968319
487446992
565397408
490382353
561520050
477930684
501736631
475619177
563338541
556701250
515462796
501940485
501891177
483111429
614659629
486791945
500964358
567987585
604134393
637038252
560814288
583761507
573404307
482905575
531532489
327997484
514825708
538162646
504613416
503814817
562185938
476764144
489923501
536951541
528637071
516838734
396963717
599393756
548459652
557203722
573976402
517693603
569749430
569251652
584073525
586072783
328954223
502245101
563353582
476056333
542142697
591616101
567763632
526801742
594611511
560817063
522260194
482726727
490267219
562527850
580634942
466245544
563790168
596789749
584671501
480777144
442627661
480122859
386867406
476198393
575001377
585944237
485253111
580507567
473011949
531342116
588728161
520636424
555781149
508376177
526573598
539547437
548473245
563336705
585740198
594091004
466664172
471789504
541551362
488685185
575919223
539661667
527946361
531526539
539542218
479219923
581741836
522418855
566517779
324521027
500964382
502366405
561552455
558583839
590876255
587081792
482726749
562630201
483092310
563220277
569723367
502359001
514544971
320654829
504647603
528671590
527874431
325480372
564438523
500859045
367567889
486111903
581058864
547336671
579671105
491038812
575774870
329241587
569820026
488674910
585948651
487640196
585753841
527089085
329554301
562385794
526939383
323777372
573105010
554454165
502887600
530058283
487323089
561435883
480778441
490259892
525007375
583671359
323834998
480116737
503517607
490733962
569723405
571450845
565462089
484629749
557242105
569407114
613944404
490278904
579611597
542131227
587762000
574993444
584271064
484564503
481136138
324466858
530094213
598631490
488501071
589128508
599222852
476550499
574968354
502999078
526951157
548461580
575642695
561519381
574036994
573699831
586358539
485889190
593321019
541541635
490267468
539578371
469753383
516327568
560579916
328535908
483020137
569794458
515511110
486753754
500955426
490170480
487638658
570896453
474283475
502993826
599434799
480187546
501014504
586073683
321704734
569820130
542179094
580145037
325941643
486776965
568767467
502665074
528758496
502383543
469864405
510946335
539659702
563535101
587784061
501895840
580612566
588189066
566976438
473540161
527869035
593618144
565870964
473111617
566720165
555734606
395785266
507918877
569295876
580895033
497611660
529988599
422055317
545604343
502978383
480735016
522676397
490276212
485061364
579672464
505689242
572295788
583804033
526946778
554447280
396608557
565858209
513877604
574992320
514824979
609713212
528605746
478891084
505847801
584681388
592723092
396939115
591627904
578483845
596282602
562384889
476266853
579981789
486132712
541548139
567266985
509875338
488708322
478396248
477862382
479728896
488698341
508566646
485455219
576113488
318808427
479179020
396903166
488496181
489888898
539742766
470581375
475550148
526936091
570081589
486146717
571525618
584628220
323788096
566563603
511247944
562380252
486921382
508883033
486502127
476616076
485184849
487447111
591420537
593646143
479682071
579452260
475585413
526714785
323452245
326737743
569270348
490772223
516362762
528638213
571520445
508400454
582778095
588402092
569492761
575200757
571624532
516916566
480351780
522408506
567399060
586517633
528016025
547238558
482735425
508980706
563226105
485182007
607124114
578517952
586071425
320207387
486108147
527944264
611610514
623379534
569955172
486893033
573680326
562062132
529979375
314822529
478795872
555060623
487358945
587098017
324065524
477490421
588712191
480963429
318553131
557261437
563350008
324025371
596052605
483099796
501847931
515305346
520470657
486777819
508372969
526785742
570280138
528617665
490624177
327648537
508400049
330080937
489885173
579652000
571396942
565809656
556923554
563372842
560690405
518238899
314900022
569477234
321906005
581157315
488681087
476054829
556524816
562632795
584254833
603739199
510715606
508378649
572609644
508427757
571485304
469610831
528019077
568447613
595568262
564701029
582644380
570924514
478058328
545192313
320466776
488707479
324522388
507770911
482435718
508417989
327566447
586379590
482649712
490149337
501839495
471758398
523729022
490205998
569073509
482511164
527909293
555354254
475465708
320836481
512319604
572376830
571306508
527463935
583439124
467782778
506133241
576285618
586078695
322781822
482645063
501845630
530731648
522696638
488117124
490746462
562534419
571483584
578774163
526732858
555079011
521399472
500966656
322761772
515188639
539560727
561329890
341016267
464198958
566674875
314800921
531523709
559222019
559221786
356237593
569958754
545188312
488687042
486146828
488699635
526946319
476051620
591265629
515264431
572409429
509617624
537261100
561330525
480011594
479298821
385492488
501562903
586074009
488501165
321013314
489753277
571255047
471767045
528025071
485610263
560686477
481136214
475622680
529822280
556369531
578485753
469798159
513579447
613432942
481099785
486560376
313861677
477880128
585955070
480090260
524876305
572416871
528613096
558675895
521938313
556968207
485287282
479722622
487155664
439024551
593646579
569730838
571527806
527922515
562003142
467357834
542137330
475517157
613445682
562731565
502647640
510702304
569494755
560690291
517647182
520623958
341459814
506226516
564409183
509885554
565723357
574067499
422738880
502667140
531517778
324256803
318543876
571691416
478412623
501845152
561532710
476129135
528002420
569720969
479015224
486352114
490612150
568757860
480169278
476455864
583145374
575299891
488687894
571735073
515464483
508381644
562999984
614777438
593054951
510706277
569710450
324053519
526714733
485048967
571427581
471143169
473974547
508400236
613468354
556926517
313861934
483101699
486756093
526733569
484659182
508380891
547344442
574914313
464188580
569821470
570089080
570014498
526734407
571295641
569609830
480952106
483019067
557992635
613476789
320639930
485608017
500955009
589442285
490612844
322500634
623892261
561466001
529884137
471819401
476686112
479298854
628700262
603502705
593398067
596808442
490558274
541546139
566475818
527907460
328093618
611764247
580585082
522152249
613396614
565381304
580149939
554454458
571426284
325464516
320466871
487158599
320880293
517693519
595562635
579627022
555019563
539014038
560581448
477135941
561435279
589764355
515302868
473601979
501280518
517673954
322229594
510699928
579611637
576336240
482692974
473642382
571464200
528643271
469800845
571624971
487664663
547328377
576095991
329550277
530022494
571721440
513843815
477991293
327962063
475751758
502597328
314617802
565209132
643575207
558181151
529845713
487306716
570946690
560750295
571233863
575300383
583142588
469832490
569809287
557996299
476263004
488676149
502808270
568951556
518290966
318556138
585859704
490264167
561934585
500961697
566655990
566728192
571429412
470062597
573622646
527930921
580639899
590932287
475838754
475622793
480266505
558159992
522301604
545227537
479225052
479492800
586073895
476562817
318331342
489259263
490601284
587776508
318522838
475892238
530325234
534141324
534303031
564692405
466800233
526531616
471786879
583645193
475459689
480169178
505200218
521409057
471077857
505692551
578929342
563175057
523478821
556363725
486106720
547616623
326508751
483057325
530235049
324257146
572609108
475202388
574269602
476525478
313862274
567764060
482516713
485911892
517077548
469992918
474596625
581138223
395830185
574734127
553231879
486783119
487663469
537204107
504913842
388874977
565866518
485570335
504179737
571644618
565236919
475549284
521958756
592577385
541540569
508305938
471131311
488688344
565855793
604142045
501841672
525133308
583138568
485288679
574584859
523708351
593312584
478949560
578894262
585908787
555356054
488695444
565778331
571442534
643584386
557864274
565417112
565459685
323475862
565698986
529898751
623185845
515056927
562530336
523205934
486510127
505476170
584637407
327644217
476619123
574577489
478499902
537266147
568990770
502143555
570896413
562003059
573948335
505202906
596887423
501842713
481127173
478110866
561790658
590975447
506777471
528022041
561936316
313861411
591442287
475586130
508276760
488688580
486178939
569469018
508387918
516880237
479303890
580857280
522260244
569739534
571473428
466378900
327706437
489753228
497560724
526668864
547642256
557679003
614767057
531517732
313861794
486472847
527898222
497583188
314642645
482652174
485838981
527104986
583138230
489315717
582613001
528501887
581404810
567446579
579282688
509516379
577218602
579263604
580212997
485905391
481018305
577883225
558612809
614651270
483091861
569960365
593453795
469803127
490171952
508280017
585929192
508411248
481096407
560579320
565480987
475542743
593253205
382982932
518623704
325903081
503582237
584219169
487099387
488450754
488680917
562540395
578938449
488770805
480648382
489751959
569441208
523478869
530081951
569100745
474267418
479415457
481099415
487667205
475400072
617745241
488711144
554807988
563180078
580005568
576768088
547325858
569825715
570932699
531526842
504614622
562377597
596036453
584587128
584665305
485912047
488440436
545208779
572996777
584231995
490387590
508987256
485958978
313862306
611617700
593312295
545207901
569252686
488471111
468193142
575920560
570924550
572804610
527932447
579392973
490626827
479220013
488504814
490385956
569706189
623474400
336676216
489731121
556357336
562095440
527941296
571520908
589444632
566673170
626158872
468054671
488400343
485931158
488689365
488501487
480171348
567007144
537284228
479013100
553561593
571517193
572798509
556914447
576120017
488430421
479010903
539556162
557417271
623436161
481004298
528611949
488440893
526725807
526727406
490386426
318362027
555251867
571642127
623893177
329549957
476557750
548444436
589755198
314529406
585952606
520615638
539537094
386049446
525023625
596808392
623960880
488426904
567006813
490729633
591250232
567312865
502873181
501798889
485639243
516906055
562535995
397248752
313861608
469803003
579660456
479225080
560992553
566305266
576046210
589118831
510136749
583146274
576411497
528602977
570589704
528687520
476131588
479772774
513832252
489751692
465924786
488359338
478888083
482658760
497499510
487661754
485060618
488491186
479508018
517353438
485578197
542141883
565880475
485574832
548416317
488386504
478586295
480798873
478497530
553006549
528759382
569959500
577854506
479225274
539653924
567927838
570091111
584215214
613438337
322520586
569263301
321893798
565778579
508272216
574377552
485339983
485455249
483061182
566978098
554779051
532571720
569849591
582632160
483083617
500857324
528657972
561940338
570459682
583804142
504120613
322515253
579626068
580014328
587096515
489315599
476049169
603411614
508279351
575772040
482444444
568582664
475517090
519853636
313862134
329254830
605631509
590556221
324025297
488432250
567738879
528619307
539571778
520480180
524676260
564795087
576046388
602822298
569703486
509620929
320668879
471087830
541551240
480268803
569818704
563796500
584664194
514907630
509005331
593054045
474660482
485455285
569670455
396968721
567029686
538866343
569623233
508309244
555042715
485579168
326734770
606106445
473564515
485954440
591268268
324495712
485911966
578517537
476753465
488430487
322507839
485182362
480003970
586072188
508280093
502269786
467703703
537297470
395851985
508366192
561532476
476751360
574059157
599334696
488569196
475625477
571430815
480643417
508405843
628123780
396903227
526950199
528020422
560424631
508911693
573660880
570931770
565448436
598380007
561517025
501848315
476054887
488495740
482809953
488686369
486110216
557252022
527890048
560373629
321707905
531523518
503866640
502359348
563380422
566304697
510114363
484737013
502144146
517752298
567431416
529997668
476741830
571666289
541566300
560753350
354190013
541571148
488419491
535728342
566647353
475029659
508381568
485058595
325853048
585946742
486236426
520462275
573323612
564359799
514767977
562381417
526791834
571306690
527826878
482744155
520454345
566460800
488707768
485956826
611915585
486557574
529897150
545216846
577369606
579290303
616837506
501022658
561039262
586070820
349593629
527864026
487594856
490173806
567354967
517330781
569651358
561553133
526800653
562682546
513531471
591639922
397354239
490576429
558660968
479711015
333604946
571956282
623308514
473943881
596028822
397348126
469801569
396652279
529826240
575201827
534524026
571450870
482799345
475545150
483027960
321016044
507100117
508275137
486941367
548440226
490626718
519749342
519751607
539640827
486175203
564425006
471800189
478828646
519877177
466431949
475132727
572608696
611623402
609485897
542174958
566541912
511244283
490789494
555241875
396650742
570626702
570921682
592483575
466632464
569286299
626159623
520631294
483109334
557992762
582644266
475585451
479218494
583454722
586366106
557202210
517981878
569849486
313860745
484457747
515524026
486054618
479897420
528028846
490908575
557852711
586559181
485955227
537182609
565191603
508359535
327679841
561985849
330154280
490712265
588705882
537218493
587077323
556922061
515296303
571311039
572375809
530349764
490779678
476216637
565863515
584682764
481017021
314800874
485161419
527890930
527116037
505798354
478111731
486052980
590907673
566751810
328876201
570438732
571654895
576117916
484770879
592472734
488392806
535708196
507996688
321708130
571700636
479704527
483083080
500894271
484818613
485836906
484635029
515059388
521625948
569955315
370694659
515315072
531339798
557859579
584931329
562524605
321023397
563796940
614726150
482521571
571939040
575937040
567736655
548425467
565108355
573636382
501956013
537313158
485287944
324493977
313862022
508405972
474652473
583312391
571867358
573702137
569107566
584680861
320668841
556669671
524675712
530335449
528614014
565415071
510395901
539537652
502574847
539539309
313862373
548457754
566543480
477879512
488402499
541551399
324053705
594480606
594589186
469761118
487359276
576101141
517645929
475619045
485630699
485884503
354833767
568790226
569860147
475330208
475542907
485932822
482772037
476086391
583137205
560594898
489719193
580624725
480364000
487537399
478588073
591748519
490931049
555365036
318331264
560889670
560684168
558662244
488497498
516086402
348592897
528015670
563002088
573322633
491030723
564408650
531523484
517982558
488683322
572424901
478888052
487659462
588697518
480124551
481049269
509881736
322274121
488712472
587079262
510106222
528623840
541562659
488677994
541563728
643625553
529878215
586073346
519517188
475888653
513591094
556356342
566559909
566756038
526545261
476451456
569965244
520631985
489887491
562381210
563248177
565191521
578909807
608108585
471410185
475512108
502829071
605688696
575923740
561437013
582857314
475744706
581153862
488683425
469763389
595570553
488677318
555832536
580257315
510455612
518287095
531121585
486239338
558211203
325815086
526943222
516881226
517753911
480718588
557403606
553541110
568473665
485938494
576112128
567320213
560924223
580234482
592960350
605690670
501566512
606336338
490485142
475740357
562424079
473020156
488467273
568584929
469720505
570589935
489752610
529863215
585832440
591778248
324032509
484571248
556910601
476144118
555263276
488434725
589121138
569075240
485880739
477564985
501563275
471141261
477129850
564430168
611592806
529877874
527464013
488677942
583140327
508420652
567742660
562676370
570098371
603748061
481001895
396274594
575012511
469793303
505512874
325919795
322297406
520471727
555898896
487664070
471077468
488448839
579283563
517319635
571516327
580203028
566678900
313862167
486940963
323523338
507121819
579462433
603423462
502382506
603402458
578917575
488418027
586070286
476100382
485835016
478498617
478439166
609492577
573685602
466271455
314831019
569072334
484509440
565124865
555088069
562541627
490916882
341442651
567747448
480273887
482516216
573121877
584146987
321923685
529909601
571379222
571659461
467831649
486509644
557194325
488543754
584632767
397220859
323535089
320421014
479905853
480792667
532355382
503823047
572735890
474637203
570081024
580194100
483068687
488675026
464290292
484559000
480999763
561515555
333785962
569615443
564770700
561792152
517343484
574610205
588695976
469704261
593324192
480705931
539561039
592868444
485834744
328549885
490790207
476087653
529833429
569278799
479683481
510702728
488380827
486500736
557037024
539542640
566760952
568568071
490259231
397345294
484742605
510658021
522108467
555089724
589427013
541540615
526643573
529889679
537313600
569844159
324466628
397351623
584660071
557998843
583422542
469661756
570932768
485837504
565106612
326774520
557874460
528625591
545188095
486896849
522147522
475057898
505690787
486466923
501847408
569296410
528636794
480647923
569074571
473593847
321019600
488462885
324266189
483018019
486264574
566463606
479770916
576107598
484679812
581394360
478107198
558675748
580236419
486513293
517689107
611823070
476823462
480171386
476126528
502120615
508298270
487601493
478892782
324532703
476218657
507914933
500862585
514530024
476048909
566719750
485466109
488230133
545612828
563220620
515771244
527952884
483024426
485640247
333785935
593709955
485835055
558472698
475515168
474626527
488701127
562539062
480353286
561469082
577821067
554807924
564677541
512322162
488473535
467003163
572609946
464212183