333604946
324466858
325941643
330080937
397353539
467703703
323540736
471085676
469610831
471800189
329550137
323452196
464212183
313862022
469992918
324025297
469798159
348592897
333785935
468120757
314822529
314804042
320668879
318733871
314900022
314642645
320466871
466632464
324521027
395830185
341442651
370351753
471767045
336676216
471819401
471786879
471077468
321906005
471087830
422738880
471789504
471077857
323535089
471758398
386049446
333785962
321707905
466245544
313862373
318331342
323452245
322197160
469801569
323834998
320654829
313862306
313861608
397351623
469704261
354190013
349621141
471088062
324025371
471141261
471410185
321923685
469753383
314831019
471143169
396968721
323865917
467782778
320207387
327962063
324493977
469793303
471129934
324257146
464188580
466664172
318808427
354833767
464198958
382982932
475585413
396608557
482516216
475586130
475622680
473564515
473943881
480353286
475622793
476216637
480116737
475744706
476131588
475625477
475549334
474267418
473020156
478396248
478499902
476218657
478586295
475542743
476048909
476087653
476126528
476455864
476049169
476457450
476104386
475459689
477880128
474660482
478107198
478058328
473011949
473601979
475049291
479220013
475202388
479905853
479179020
480114344
475515168
490382353
490259231
476823462
476751360
486560376
476562817
473593847
485838981
485911892
483092310
485931158
480122859
485837504
490485142
490205998
476135066
486893033
490916882
488680917
501845630
485468180
483101699
490387590
488695444
502269786
488504814
486239338
503823047
502267531
503286448
501845152
502999078
502359001
501956013
502978383
501798889
502366405
386970660
507918877
488683425
509881736
515249852
510658021
517330781
517647182
513531471
515986607
517343484
501850666
517077548
513800575
515771244
512319604
515435668
502614426
522152249
522301604
526573598
521938313
488687894
508980706
509003464
501841672
512322162
515464483
521409057
509515969
524850271
486025194
519749342
510715606
514824979
486262299
486132712
501799874
503814817
502383543
510136749
502367941
517353438
514767977
501847931
479225080
481093525
507101551
329550277
497611660
488698341
527095729
524689239
515315072
516362762
517345160
506133241
515524026
517319635
513510227
526643573
526668864
526950199
527826878
527869035
526531616
535708196
535728342
565209132
561325425
561940338
565888394
567320213
560753350
530737765
560992553
564346637
567952169
566761793
576084692
576132767
548459652
571709783
527952884
528015670
558211203
569107566
528614014
569820130
530081951
526725807
528042185
569849486
520454345
531526539
525133308
567763632
488386504
528687520
525018757
508378649
488418027
537266147
529845713
488386626
595999306
577218602
575774870
585947309
575642695
574067499
555697303
565462089
586559181
585952606
562003142
508421103
508405843
508298270
508282493
508279351
508417989
528602977
527941296
527891102
519832676
508305938
508410761
528038990
528022041
542137330
520631294
529889679
539653924
526734407
529898751
542143598
529878215
539661667
537218493
530062215
569818704
569820026
548494556
548421866
541563728
531517732
548408551
537297470
548425467
567731428
531520637
529863215
569844159
569095789
571435969
569100745
545604343
548457754
571429412
576095991
571430815
571464200
569825715
571527806
548473051
571525618
537313158
541536216
569821470
537261100
541540569
548440226
595562635
571691416
596052605
596028822
576107598
595568262
596036453
576120017
571718621
571471295
571642127
571654895
571666289
567742660
571700636
571624532
571427524
539640410
595570553
571500474
527942865
529807751
580145037
609435731
539014038
614767057
583104750
566671538
563180078
536951541
567007144
584254833
571306690
565863515
586072188
557998843
557037024
583138568
565880475
582644266
578938153
587045566
582613001
566647353
623185845
574036994
565407476
584682764
589442285
580010290
584680861
603402458
585830272
614230805
605660220
554779051
601927090
584872371
555001065
554454458
562541627
559387643
570896453
564349611
563226105
561553133
570896413
598628992
557874460
589427435
588712191
582917630
614197612
565120091
555019563
586566174
591268268
580014328
586072783
574377552
593321019
584231995
583138230
586073683
561985849
585951863
573622646
591265629
589760138
591278744
567927838
561532710
586071425
574038330
571379222
599334696
585946742
585944237
569809287
569998790
574059157
580005568
547262585
585841870
585925172
583146274
578485753
585805211
571396942
569723367
557252022
586073850
570946690
594091004
590558808
585832440
572609108
565855793
579662957
554807924
580162374
592952680
574992320
569958754
565415071
579626068
614777438
571311039
530731648
560965993
569723405
607124114
580007431
580161872
573404307
557864274
547325858
574734127
534303031
555241040
574993444
565459685
611610514
571867358
569965244
555345752
547344442
567312865
613396614
528638057
586379590
613468354
560678143
527116037
537313600
479225052
528706755
586072464
555341581
508309649
